0.000283 
0.000914 
0.000065 
0.000230 
0.000961 
0.000931 
0.000314 
0.000914 
0.000855 
0.000100 
0.000616 
0.000960 
0.000446 
0.000737 
0.000585 
0.000809 
0.000179 
0.000727 
0.000977 
0.000418 
0.000924 
0.000182 
0.000470 
0.000961 
0.000235 
0.000904 
0.000828 
0.000227 
0.000562 
0.000284 
0.000056 
0.000577 
0.000933 
0.000076 
0.000803 
0.000508 
0.000836 
0.000302 
0.000049 
0.000987 
0.000417 
0.000183 
0.000583 
0.000715 
0.000329 
0.000449 
0.000866 
0.000578 
0.000162 
0.000200 
0.000419 
0.000629 
0.000269 
0.000045 
0.000759 
0.000066 
0.000259 
0.000535 
0.000867 
0.000154 
0.000395 
0.000025 
0.000650 
0.000687 
0.000650 
0.000769 
0.000119 
0.000416 
0.000734 
0.000929 
0.000867 
0.000403 
0.000435 
0.000593 
0.000242 
0.000400 
0.000549 
0.000145 
0.000964 
0.000526 
0.000564 
0.000747 
0.000994 
0.000776 
0.000965 
0.000868 
0.000428 
0.000832 
0.000966 
0.000045 
0.000092 
0.000783 
0.000705 
0.000263 
0.000620 
0.000369 
0.000431 
0.000128 
0.000819 
0.000302 
