0.000549 
0.000118 
0.000620 
0.000889 
0.000218 
0.000013 
0.000348 
0.000882 
0.000052 
0.000050 
0.000114 
0.000665 
0.000196 
0.000180 
0.000281 
0.000696 
0.000586 
0.000567 
0.000558 
0.000794 
0.000051 
0.000447 
0.000296 
0.000386 
0.000900 
0.000422 
0.000456 
0.000191 
0.000485 
0.000877 
0.000767 
0.000312 
0.000485 
0.000022 
0.000814 
0.000793 
0.000835 
0.000521 
0.000285 
0.000554 
0.000016 
0.000883 
0.000136 
0.000378 
0.000796 
0.000456 
0.000677 
0.000306 
0.000766 
0.000860 
0.000129 
0.000712 
0.000978 
0.000967 
0.000604 
0.000417 
0.000730 
0.000163 
0.000241 
0.000986 
0.000733 
0.000970 
0.000399 
0.000193 
0.000218 
0.000795 
0.000941 
0.000585 
0.000808 
0.000936 
0.000594 
0.000684 
0.000755 
0.000625 
0.000549 
0.000300 
0.000624 
0.000486 
0.000033 
0.000119 
0.000915 
0.000820 
0.000707 
0.000801 
0.000547 
0.000587 
0.000598 
0.000030 
0.000856 
0.000960 
